20424 0.321857 0.605507 0.093932 0.219264
20424 0.418490 0.636514 0.110063 0.230083
20424 0.509359 0.578219 0.125573 0.193771
20424 0.585076 0.539038 0.114547 0.187854
20424 0.708628 0.503573 0.120818 0.139465
20424 0.708771 0.504319 0.119979 0.138722
20424 0.630177 0.341181 0.103198 0.102569
20424 0.663604 0.402139 0.101802 0.118583
20424 0.321857 0.605507 0.093932 0.219264
20424 0.418490 0.636514 0.110063 0.230083
20424 0.509359 0.578219 0.125573 0.193771
20424 0.585076 0.539038 0.114547 0.187854
20424 0.708628 0.503573 0.120818 0.139465
20424 0.708771 0.504319 0.119979 0.138722
20424 0.630177 0.341181 0.103198 0.102569
20424 0.663604 0.402139 0.101802 0.118583
