20424 0.364146 0.581087 0.091250 0.259007
20424 0.467151 0.617774 0.110062 0.225771
20424 0.559341 0.565722 0.124172 0.191903
20424 0.635539 0.531861 0.117589 0.190653
20424 0.808161 0.636590 0.131698 0.130444
20424 0.765828 0.509938 0.131698 0.131750
20424 0.726552 0.403295 0.119000 0.116646
20424 0.687513 0.335250 0.111474 0.104736
20424 0.364146 0.581087 0.091250 0.259007
20424 0.467151 0.617774 0.110062 0.225771
20424 0.559341 0.565722 0.124172 0.191903
20424 0.635539 0.531861 0.117589 0.190653
20424 0.808161 0.636590 0.131698 0.130444
20424 0.765828 0.509938 0.131698 0.131750
20424 0.726552 0.403295 0.119000 0.116646
20424 0.687513 0.335250 0.111474 0.104736
